sequential/simple_rnn/kernel:0
(1, 80)
[[ 0.1245637  -0.11592347  0.14755952 -0.19744585  0.12042275  0.19319102
  -0.01498551  0.1727841   0.07294112 -0.14893751 -0.0028388   0.05079103
  -0.1733958  -0.14552602  0.15877718  0.189933   -0.07235135 -0.04035386
   0.09501918  0.12603977  0.15475707 -0.07352012  0.13524409  0.00817292
   0.06023943 -0.07351373  0.1867212  -0.02153047 -0.11439586  0.02278599
   0.15400924  0.00114356 -0.06383082 -0.15055694 -0.11416208 -0.05015111
  -0.03935831  0.08401585 -0.0095774   0.00180929  0.1589703  -0.06267341
  -0.17469503  0.1573902   0.05440891 -0.14275183 -0.10006341  0.09822557
   0.03552828  0.01574785 -0.1616277   0.06276336 -0.13436453 -0.06421432
   0.16381937 -0.18259604 -0.1881383   0.19515711  0.04507942 -0.03495087
  -0.14704527  0.0904528   0.14839563 -0.09528803  0.13975857  0.1943147
   0.05486629  0.08489299 -0.06972391 -0.09781422  0.10379228  0.19820601
   0.12814577 -0.06054415  0.11820447 -0.10505501 -0.15927468 -0.09238143
  -0.1758137  -0.15345444]]
sequential/simple_rnn/recurrent_kernel:0
(80, 80)
[[-0.26602396 -0.16780706 -0.03993872 ... -0.1370389  -0.04628947
   0.0582009 ]
 [-0.0010591   0.04247551 -0.12130525 ... -0.17835112  0.03021436
   0.13043784]
 [ 0.00784149  0.15946816 -0.19099137 ...  0.16403008 -0.01195792
  -0.06745284]
 ...
 [-0.02759587  0.13410582 -0.03939073 ... -0.09604238 -0.0202505
  -0.13950093]
 [-0.03949849 -0.0046239   0.15927072 ... -0.10044177 -0.0307154
  -0.13518518]
 [ 0.10283936 -0.15248753  0.09980229 ... -0.0489177   0.08082636
  -0.10717532]]
sequential/simple_rnn/bias:0
(80,)
[-3.90952714e-02  4.39987890e-02 -6.14010133e-02  6.28120899e-02
 -3.48074324e-02 -5.78825623e-02  9.18149110e-03 -5.38585000e-02
 -3.89901809e-02  5.03010191e-02 -2.30742182e-04 -2.75262445e-02
  4.83241230e-02  7.62655959e-02 -4.64647673e-02 -7.15783015e-02
  1.94361620e-02 -2.22273939e-03 -2.90727559e-02 -4.55807783e-02
 -6.08601384e-02  3.37959267e-02 -4.65104356e-02 -3.35610894e-05
 -9.32689477e-03  3.20731141e-02 -5.81217706e-02  4.99606924e-03
  4.75374982e-02 -3.97030031e-03 -4.65997234e-02  4.31567756e-03
  3.20940986e-02  5.31457663e-02  4.37609591e-02  2.76803281e-02
  4.02757665e-03 -2.92162374e-02  7.28075998e-03 -5.75278746e-03
 -4.29037213e-02  1.17535852e-02  6.55612350e-02 -4.84853387e-02
 -1.93574075e-02  3.98005620e-02  3.10931038e-02 -2.76759490e-02
 -6.30275579e-04 -8.42227694e-03  5.86548224e-02 -2.49884669e-02
  3.73347774e-02  1.42256068e-02 -7.09596127e-02  5.86735122e-02
  6.57522008e-02 -6.34720400e-02 -1.70163382e-02  1.43389115e-02
  4.36527394e-02 -2.45871842e-02 -5.01739383e-02  2.19423007e-02
 -5.39204776e-02 -5.52215874e-02 -2.02915911e-02 -3.30835916e-02
  3.52077074e-02  2.98335236e-02 -3.39135788e-02 -6.16705306e-02
 -4.56516258e-02  6.44843513e-03 -4.31889705e-02  3.33345346e-02
  3.97326685e-02  2.94860061e-02  4.98738401e-02  5.05742393e-02]
sequential/simple_rnn_1/kernel:0
(80, 100)
[[-0.07826725 -0.0432993  -0.06506021 ...  0.16805767  0.03307295
   0.13589032]
 [ 0.02877505  0.01208321  0.02472179 ... -0.04627768 -0.08185229
   0.08033079]
 [-0.08013465  0.05231005 -0.05644444 ...  0.1391159  -0.06496959
   0.08166448]
 ...
 [ 0.05160403 -0.11575203  0.00237879 ...  0.03879061  0.14841095
  -0.1666475 ]
 [ 0.04981465 -0.11412053  0.06678521 ... -0.02639742  0.1885596
  -0.10604122]
 [ 0.11625236 -0.1337692  -0.06713044 ...  0.1061274   0.15681966
  -0.1978958 ]]
sequential/simple_rnn_1/recurrent_kernel:0
(100, 100)
[[-0.15603413 -0.08479184  0.06718551 ... -0.04746674 -0.15481596
  -0.06098014]
 [-0.03763515 -0.05956767 -0.02206985 ...  0.12659726 -0.03252962
  -0.08775017]
 [ 0.07479598  0.0322127  -0.03003541 ... -0.07811252 -0.0584956
  -0.0584888 ]
 ...
 [ 0.10477746 -0.05516565  0.01673826 ... -0.00824304 -0.00131775
  -0.0451477 ]
 [ 0.10238655  0.05040061  0.02686362 ...  0.07913072 -0.05077923
  -0.04000358]
 [-0.02137285 -0.11522502  0.09315129 ...  0.01272512 -0.1130943
  -0.05699001]]
sequential/simple_rnn_1/bias:0
(100,)
[-0.02536417  0.01543801 -0.02964241  0.01132091 -0.00583918  0.00284192
 -0.01278773 -0.01340211 -0.02480264 -0.02326403 -0.01621258 -0.00048051
  0.00997288 -0.01119668 -0.00756518 -0.00112181  0.0184992  -0.02907827
 -0.03467522 -0.00957134  0.01823462 -0.01676058 -0.01468797  0.00557736
  0.02101226  0.01034844  0.01829668 -0.02758719  0.0342821   0.00845056
 -0.02343438  0.02619689  0.01402842  0.01257065  0.0162456   0.03445159
 -0.01765716  0.02633654  0.02000463  0.01698207  0.01777556  0.01583539
 -0.02147786 -0.02057839 -0.03133155 -0.02622934  0.0164934  -0.00165537
  0.00131327 -0.02301561  0.01416753  0.00984173 -0.01804773  0.02442724
  0.03453991 -0.03527028 -0.02875576 -0.00036901 -0.00046022  0.01788881
  0.01761678  0.01017486  0.00096872 -0.03589337 -0.00784107  0.0142388
 -0.01010145 -0.01487909  0.00052851 -0.03234459  0.01083924 -0.01641312
 -0.03878711  0.01621276  0.01011394  0.01247378 -0.01796295  0.04010968
 -0.01498719  0.00683032  0.01119439 -0.00040787  0.03560436  0.03121548
 -0.03209848 -0.01607255 -0.02474411  0.01088667 -0.00648343  0.02605328
 -0.02070517  0.01017919  0.01996372 -0.01830873 -0.03143971  0.00589192
  0.02467018  0.01039545 -0.03988611  0.01152754]
sequential/dense/kernel:0
(100, 1)
[[-0.07624453]
 [ 0.01472936]
 [-0.08444675]
 [-0.01863988]
 [-0.06333411]
 [-0.02428301]
 [-0.07851171]
 [-0.11011333]
 [-0.07410817]
 [-0.08016579]
 [-0.05635223]
 [ 0.05102693]
 [ 0.04461917]
 [-0.0110013 ]
 [ 0.02612721]
 [-0.06422164]
 [ 0.09083392]
 [-0.08813113]
 [-0.06085854]
 [-0.09071036]
 [ 0.06158866]
 [-0.05383701]
 [-0.08651935]
 [ 0.05617639]
 [ 0.0469006 ]
 [ 0.07835254]
 [ 0.09435593]
 [-0.08899838]
 [ 0.08699285]
 [ 0.06199512]
 [-0.04097345]
 [ 0.06335978]
 [ 0.0474239 ]
 [ 0.07034225]
 [ 0.09968514]
 [ 0.03228004]
 [-0.08339916]
 [ 0.04198138]
 [ 0.05439552]
 [ 0.08590865]
 [ 0.02988631]
 [ 0.0763794 ]
 [-0.08340319]
 [-0.05825632]
 [-0.09030374]
 [-0.07410005]
 [ 0.03205954]
 [-0.03483854]
 [ 0.06618118]
 [-0.09615829]
 [ 0.07097497]
 [ 0.03850484]
 [-0.09922414]
 [ 0.063413  ]
 [ 0.08850086]
 [-0.04882633]
 [-0.07129469]
 [ 0.01731265]
 [ 0.06153193]
 [ 0.04911146]
 [ 0.02642042]
 [-0.0209027 ]
 [-0.0334127 ]
 [-0.09209958]
 [-0.07146566]
 [ 0.08186488]
 [-0.05684667]
 [-0.08627217]
 [-0.01840052]
 [-0.09007519]
 [ 0.05759241]
 [-0.04398219]
 [-0.08746488]
 [ 0.04429497]
 [ 0.06018781]
 [ 0.09240145]
 [-0.04161572]
 [ 0.12677751]
 [-0.02936473]
 [ 0.08996708]
 [ 0.03924361]
 [-0.04386432]
 [ 0.05540831]
 [ 0.07641505]
 [-0.07725207]
 [-0.08969279]
 [-0.10204271]
 [-0.02092949]
 [-0.0530914 ]
 [ 0.0845829 ]
 [-0.00922474]
 [ 0.08026287]
 [ 0.09791237]
 [-0.05083827]
 [-0.11475155]
 [-0.04165569]
 [ 0.00343935]
 [-0.01499612]
 [-0.03383195]
 [ 0.04622699]]
sequential/dense/bias:0
(1,)
[0.2034902]
