sequential/simple_rnn/kernel:0
(1, 80)
[[ 0.1730515  -0.17078301  0.13848074  0.00941668  0.07150105 -0.13829257
   0.08450981  0.2156167   0.12821257 -0.09413897  0.02060924  0.1953018
   0.16088669  0.0908986   0.05925055  0.17332587 -0.1879718  -0.09327408
   0.11225708 -0.17910518  0.19153154  0.10504251 -0.18041335  0.05172269
  -0.03605924  0.01522089  0.146786   -0.08053163  0.01832554 -0.1943534
  -0.12226612  0.19325392  0.04785364 -0.04813938 -0.04851952  0.13774951
  -0.15261176 -0.08415159  0.09921128  0.02385413  0.0704151   0.14755794
  -0.02568737  0.07261182  0.07023175  0.00389514  0.17656988 -0.01640215
   0.05648925 -0.10810079 -0.0115755  -0.03514195 -0.1865647  -0.07745957
   0.1035437  -0.07257225  0.10917465 -0.15114789  0.15984133 -0.07600002
   0.20309298 -0.12535064  0.09493767 -0.10543556 -0.13721152  0.1125065
   0.12313645  0.06614375  0.09031165 -0.05038634 -0.05983779  0.05023027
   0.02015535 -0.19959465 -0.21638748  0.06920281 -0.20064373 -0.07839541
   0.00203882  0.21532129]]
sequential/simple_rnn/recurrent_kernel:0
(80, 80)
[[-0.06719725 -0.13277829 -0.2051227  ... -0.02435409 -0.16270222
   0.15473633]
 [ 0.04642994 -0.11424661 -0.09227724 ... -0.0400356   0.0639686
  -0.02838333]
 [ 0.0346918   0.13455205  0.04403928 ...  0.0667913  -0.06144521
  -0.08349131]
 ...
 [ 0.00710468  0.11736108  0.05221665 ...  0.2546407   0.12417811
   0.11877616]
 [ 0.00226047 -0.19945687  0.01384451 ... -0.10763051  0.06601924
  -0.18627381]
 [ 0.12954126  0.05056034  0.03325382 ... -0.08344995  0.13915071
  -0.02581722]]
sequential/simple_rnn/bias:0
(80,)
[-0.02554008  0.03959709 -0.0233372  -0.00527866 -0.01635975  0.02278897
 -0.01209276 -0.03275318 -0.00436005  0.02459643  0.0028788  -0.021175
 -0.02323261 -0.01230015 -0.00831668 -0.04275951  0.0204777   0.01707193
 -0.02318236  0.0226412  -0.04391415 -0.0081934   0.03780934 -0.0087443
 -0.00619336  0.00684314 -0.00881084  0.02995645  0.00714925  0.0298804
  0.02312204 -0.04441586  0.00529517  0.01077784  0.01023168 -0.01505518
  0.0315379   0.01117721 -0.01010758  0.00060748 -0.01179292 -0.02845694
 -0.00293264 -0.00564225 -0.01489002 -0.00041384 -0.04021858 -0.01213952
 -0.00420749  0.02765442  0.01628322  0.01149102  0.02238288  0.01466161
 -0.00516105  0.01225396 -0.02500782  0.04387812 -0.01021447  0.01589628
 -0.02673466  0.0084924  -0.01065622  0.0136381   0.00540797 -0.02116867
 -0.01807558 -0.02067422 -0.01707988  0.00366641 -0.0044345   0.00644666
 -0.00867353  0.02718566  0.02298358 -0.0168423   0.02246841  0.01374278
 -0.00213476 -0.03489739]
sequential/simple_rnn_1/kernel:0
(80, 100)
[[ 0.01907914  0.1755057  -0.1115635  ... -0.04009314 -0.03806984
   0.09663636]
 [-0.12850383  0.04417719  0.0980415  ... -0.06684399 -0.0780305
   0.12082854]
 [-0.0982943   0.16464859  0.12601899 ... -0.07694221 -0.10127554
  -0.01207627]
 ...
 [ 0.04261081 -0.15423131  0.05278168 ... -0.03537375 -0.03906239
  -0.00081631]
 [ 0.10343509 -0.00581755  0.00103603 ...  0.150233   -0.0372824
  -0.11631454]
 [ 0.10406387 -0.10706294  0.00374501 ... -0.04364417  0.11688992
  -0.15734163]]
sequential/simple_rnn_1/recurrent_kernel:0
(100, 100)
[[-0.03663224  0.03040112  0.05877688 ... -0.03209485  0.0318233
  -0.0325047 ]
 [-0.07796715  0.02607719  0.02285965 ...  0.02603724 -0.17490023
  -0.02681015]
 [-0.05373577  0.05392811  0.00676807 ...  0.16328998  0.06014695
   0.09400435]
 ...
 [ 0.04633629 -0.10504263 -0.04448336 ...  0.02388671 -0.12025752
  -0.06463419]
 [-0.00676617  0.06032017  0.09889194 ...  0.16613396 -0.18583897
   0.09573759]
 [-0.01143629 -0.04253962  0.05812593 ...  0.11714841  0.0473048
  -0.08844234]]
sequential/simple_rnn_1/bias:0
(100,)
[ 2.75978781e-02 -3.50448266e-02  2.43264567e-02  2.60732863e-02
 -2.23437026e-02 -2.61775199e-02 -3.43102068e-02  1.69325080e-02
  7.19522173e-03  3.55610810e-02  1.26328869e-02  1.90177020e-02
 -3.12892161e-02  1.15029607e-02  1.29802404e-02  2.65714042e-02
 -4.22312021e-02  3.22038345e-02  3.33716050e-02 -2.00529862e-02
  3.75819653e-02  3.96153331e-02 -2.47554039e-03  1.95730291e-02
 -1.48342401e-02 -3.18853110e-02  3.43639590e-02 -1.62651949e-02
  1.81277115e-02 -2.71264762e-02  2.66413968e-02  1.46327065e-02
  3.95645164e-02  3.61587033e-02 -5.52010834e-02  2.15155650e-02
  4.33034124e-03 -5.84160350e-03 -2.36243568e-02 -1.20008113e-02
 -1.64277349e-02 -1.33974841e-02  3.26385796e-02  4.24415134e-02
 -1.66725868e-03  1.95762422e-02  3.60530615e-02  1.62204914e-02
 -9.13898740e-03 -2.94095352e-02  2.94102486e-02  2.55882386e-02
 -2.02823877e-02 -1.90232266e-02 -1.72993504e-02  1.83687005e-02
 -2.35875882e-02  1.87612101e-02 -8.96059908e-03  1.31758135e-02
  1.22235967e-02  3.16950120e-02  2.06099544e-02  1.03306640e-02
 -2.77716722e-02  1.80589445e-02 -1.80891191e-03  2.39814017e-02
 -3.24182138e-02 -5.47193661e-02 -2.59067677e-02 -1.49160519e-03
 -3.69985501e-05 -2.26012059e-03 -1.30773988e-02  9.43845417e-03
 -1.49663175e-02 -1.92438699e-02  8.91453773e-03 -3.01129855e-02
  1.64494216e-02  2.31185276e-02 -2.10372135e-02  1.87693555e-02
 -2.62646563e-02  3.65795828e-02  1.76241212e-02 -3.13983597e-02
 -1.65892392e-02  1.62804779e-02 -1.33830318e-02  7.57370517e-03
  9.99013707e-03 -2.68089864e-02 -2.30494067e-02 -1.83399599e-02
  1.31858774e-02 -1.50983548e-02 -3.63355428e-02  1.02710342e-02]
sequential/dense/kernel:0
(100, 1)
[[ 0.14185818]
 [-0.11373008]
 [ 0.05197302]
 [ 0.06403109]
 [-0.12396828]
 [-0.15717912]
 [ 0.05351639]
 [ 0.09566201]
 [ 0.05551594]
 [ 0.13047029]
 [ 0.06491002]
 [ 0.14436707]
 [-0.05093258]
 [-0.09109079]
 [ 0.00050582]
 [ 0.14747892]
 [-0.14084893]
 [ 0.07055172]
 [ 0.09667208]
 [-0.06948621]
 [ 0.08171408]
 [ 0.0894827 ]
 [ 0.03909635]
 [ 0.17586559]
 [-0.04255825]
 [-0.11743593]
 [ 0.15470447]
 [-0.07603635]
 [ 0.07865946]
 [-0.09947933]
 [-0.00115027]
 [ 0.13927375]
 [ 0.07371976]
 [ 0.08089167]
 [-0.14511216]
 [ 0.0975436 ]
 [-0.12794557]
 [-0.01555744]
 [-0.1007584 ]
 [ 0.12287118]
 [-0.11072375]
 [ 0.03064242]
 [ 0.06789441]
 [ 0.12055854]
 [ 0.15169364]
 [ 0.07145118]
 [ 0.05260121]
 [-0.05891639]
 [-0.15177934]
 [-0.09493532]
 [ 0.12852894]
 [ 0.17993177]
 [-0.1703194 ]
 [-0.13995357]
 [-0.100174  ]
 [ 0.15874927]
 [-0.13856421]
 [ 0.06607429]
 [ 0.07219401]
 [ 0.11410838]
 [-0.11413702]
 [ 0.10675818]
 [ 0.11062349]
 [ 0.125147  ]
 [-0.16079995]
 [ 0.02185634]
 [-0.16438341]
 [-0.0333067 ]
 [-0.12585606]
 [-0.10273667]
 [-0.11825985]
 [-0.00798883]
 [ 0.03034818]
 [-0.00732549]
 [-0.03449542]
 [ 0.00456887]
 [-0.13803032]
 [-0.09723628]
 [ 0.03815115]
 [-0.11993735]
 [ 0.12242636]
 [ 0.14199112]
 [ 0.05301588]
 [ 0.13334991]
 [-0.04271352]
 [ 0.00537036]
 [ 0.05949472]
 [-0.10152864]
 [-0.10545537]
 [ 0.10972122]
 [-0.05232485]
 [-0.02387095]
 [ 0.06720433]
 [-0.07787671]
 [-0.13916212]
 [-0.00955644]
 [ 0.07400549]
 [-0.07135888]
 [-0.03236456]
 [ 0.07731752]]
sequential/dense/bias:0
(1,)
[0.10292462]
